   0   0  240 320                           0 Area where objects can be dropped
                    6                         Number of texts described here
 241 101  413 115                           0 "Eyes" text
 415 123  511 137                           1 "Eyebrows" text
 241 179  394 193                           2 "Noses" text
 395 179  511 193                           3 "Ears" text
 241 259  445 273                           4 "Mouths" text 
 241 307  511 321                           5 "Goodies" text
                   43                         Number of objects described here
 242   0  283  32      70   0  111  32      1 Eye #1
 242  34  283  66      70  34  111  66      1 Eye #2
 242  68  283 100      70  68  111 100      1 Eye #3
 285   0  326  32     113   0  154  32      1 Eye #4
 285  34  326  66     113  34  154  66      1 Eye #5
 285  68  326 100     113  68  154 100      1 Eye #6
 328   0  369  32     156   0  197  32      1 Eye #7
 328  34  369  66     156  34  197  66      1 Eye #8
 328  68  369 100     156  68  197 100      1 Eye #9
 371   0  412  32     199   0  240  32      1 Eye #10
 371  34  412  66     199  34  240  66      1 Eye #11
 371  68  412 100     199  68  240 100      1 Eye #12
 415   0  462  29     415   0  462  29      2 Eyebrow #1
 415  31  462  60     415  31  462  60      2 Eyebrow #2
 415  62  462  91     415  62  462  91      2 Eyebrow #3
 415  93  462 122     415  93  462 122      2 Eyebrow #4
 464   0  511  29     464   0  511  29      2 Eyebrow #5
 464  31  511  60     464  31  511  60      2 Eyebrow #6
 464  62  511  91     464  62  511  91      2 Eyebrow #7
 464  93  511 122     464  93  511 122      2 Eyebrow #8
 242 116  291 178       1   1   50  63      3 Nose #1
 293 116  342 178       1  65   50 127      3 Nose #2
 344 116  393 178       1 129   50 191      3 Nose #3
 397 138  424 178      52 152   79 192      4 Ear #1
 426 138  453 178      81 152  108 192      4 Ear #2
 455 138  482 178     110 152  137 192      4 Ear #3
 484 138  511 178     139 152  166 192      4 Ear #3
 242 195  308 225       1 195   67 225      5 Mouth #1
 242 227  308 257       1 227   67 257      5 Mouth #2
 310 195  376 225      69 195  135 225      5 Mouth #3
 310 227  376 257      69 227  135 257      5 Mouth #4
 378 195  444 225     137 195  203 225      5 Mouth #5
 378 227  444 257     378 227  444 257      5 Mouth #6
 447 195  511 225     137 227  201 257      6 Hat
 447 227  511 249      67 265  131 287      7 Moustache
 447 251  475 272       1 266   29 287      8 Cigar
 477 251  511 272      31 266   65 287      9 Tie
 242 274  322 306       1 289   81 321     10 Sunglasses
 324 274  399 306      83 289  158 321     11 Specs
 401 274  445 306     160 289  204 321     12 Bow
 447 274  462 306     206 289  221 321     13 Earring
 464 274  491 306     213 255  240 287     14 Badge
 493 274  511 306     222 221  240 253     15 Watch

